##;##
@LiveGraph demo file.
Window_size;Threshold
1;50
1;0.5
2;0.5
3;0.5
4;0.5
5;0.5
6;0.5
7;0.5
1;3.5
1;0.5
2;0.5
3;0.5
4;0.5
5;0.5
6;0.5
7;0.5
8;0.5
9;0.5
10;0.5
11;0.5
12;0.5
13;0.5
14;0.5
15;0.5
16;0.5
17;0.5
18;0.5
19;0.5
20;0.5
21;0.5
22;0.5
23;0.5
24;0.5
25;0.5
26;0.5
27;0.5
28;0.5
29;0.5
30;0.5
31;0.5
32;0.5
33;0.5
34;0.5
35;0.5
36;0.5
37;0.5
38;0.5
39;0.5
40;0.5
41;0.5
42;0.5
43;0.5
44;0.5
45;0.5
46;0.5
47;0.5
48;0.5
49;0.5
50;0.5
51;0.5
52;0.5
53;0.5
54;0.5
55;0.5
56;0.5
57;0.5
58;0.5
59;0.5
60;0.5
61;0.5
62;0.5
63;0.5
64;0.5
65;0.5
66;0.5
67;0.5
68;0.5
69;0.5
70;0.5
71;0.5
72;0.5
73;0.5
74;0.5
75;0.5
76;0.5
77;0.5
78;0.5
79;0.5
80;0.5
81;0.5
82;0.5
83;0.5
84;0.5
85;0.5
86;0.5
87;0.5
88;0.5
89;0.5
90;0.5
1;45.0
2;45.0
4;45.0
8;45.0
16;45.0
32;45.0
64;45.0
65;45.0
66;45.0
67;45.0
68;45.0
69;45.0
70;45.0
71;45.0
72;45.0
73;45.0
74;45.0
75;45.0
76;45.0
77;45.0
78;45.0
79;45.0
80;45.0
81;45.0
82;45.0
83;45.0
84;45.0
85;45.0
86;45.0
87;45.0
88;45.0
89;45.0
90;45.0
91;45.0
92;45.0
93;45.0
94;45.0
95;45.0
96;45.0
97;45.0
98;45.0
99;45.0
100;45.0
100;45.0
100;45.0
100;45.0
100;45.0
100;45.0
100;45.0
100;45.0
100;45.0
100;45.0
100;45.0
100;45.0
100;45.0
100;45.0
100;45.0
100;45.0
100;45.0
100;45.0
100;45.0
100;45.0
100;45.0
100;45.0
100;45.0
100;45.0
100;45.0
100;45.0
100;45.0
100;45.0
100;45.0
100;45.0
100;45.0
100;45.0
100;45.0
100;45.0
100;45.0
100;45.0
100;45.0
100;45.0
100;45.0
100;45.0
100;45.0
100;45.0
100;45.0
100;45.0
100;45.0
100;45.0
100;45.0
100;45.0
100;45.0
100;45.0
100;45.0
100;45.0
100;45.0
100;45.0
100;45.0
100;45.0
1;50.0
2;50.0
4;50.0
8;50.0
16;50.0
32;50.0
64;50.0
65;50.0
66;50.0
67;50.0
68;50.0
69;50.0
70;50.0
71;50.0
72;50.0
73;50.0
74;50.0
75;50.0
76;50.0
77;50.0
78;50.0
79;50.0
80;50.0
81;50.0
82;50.0
83;50.0
84;50.0
85;50.0
86;50.0
87;50.0
88;50.0
89;50.0
90;50.0
91;50.0
92;50.0
93;50.0
94;50.0
95;50.0
96;50.0
97;50.0
98;50.0
99;50.0
100;50.0
100;50.0
100;50.0
100;50.0
100;50.0
100;50.0
100;50.0
100;50.0
100;50.0
100;50.0
100;50.0
100;50.0
100;50.0
100;50.0
100;50.0
100;50.0
100;50.0
100;50.0
100;50.0
100;50.0
100;50.0
100;50.0
100;50.0
100;50.0
100;50.0
100;50.0
100;50.0
100;50.0
100;50.0
100;50.0
100;50.0
100;50.0
100;50.0
100;50.0
100;50.0
100;50.0
100;50.0
100;50.0
100;50.0
100;50.0
100;50.0
100;50.0
100;50.0
100;50.0
100;50.0
100;50.0
100;50.0
100;50.0
100;50.0
100;50.0
100;50.0
100;50.0
100;50.0
100;50.0
100;50.0
100;50.0
100;50.0
100;50.0
100;50.0
100;50.0
100;50.0
100;50.0
1;50.0
2;50.0
4;50.0
8;50.0
16;50.0
32;50.0
64;50.0
65;50.0
66;50.0
67;50.0
68;50.0
69;50.0
70;50.0
71;50.0
72;50.0
73;50.0
74;50.0
75;50.0
76;50.0
77;50.0
78;50.0
79;50.0
80;50.0
81;50.0
82;50.0
83;50.0
84;50.0
85;50.0
86;50.0
87;50.0
88;50.0
89;50.0
90;50.0
91;50.0
92;50.0
93;50.0
1;46.5
2;46.5
4;46.5
8;46.5
16;46.5
32;46.5
64;46.5
65;46.5
66;46.5
67;46.5
68;46.5
69;46.5
70;46.5
71;46.5
72;46.5
73;46.5
74;46.5
75;46.5
76;46.5
77;46.5
78;46.5
79;46.5
80;46.5
81;46.5
82;46.5
83;46.5
84;46.5
85;46.5
86;46.5
87;46.5
88;46.5
89;46.5
90;46.5
91;46.5
92;46.5
93;46.5
94;46.5
95;46.5
96;46.5
97;46.5
98;46.5
99;46.5
100;46.5
100;46.5
100;46.5
100;46.5
100;46.5
100;46.5
100;46.5
100;46.5
100;46.5
100;46.5
100;46.5
100;46.5
100;46.5
100;46.5
100;46.5
100;46.5
100;46.5
100;46.5
100;46.5
100;46.5
100;46.5
100;46.5
100;46.5
100;46.5
100;46.5
100;46.5
100;46.5
100;46.5
100;46.5
100;46.5
100;46.5
100;46.5
100;46.5
100;46.5
100;46.5
100;46.5
100;46.5
100;46.5
100;46.5
100;46.5
100;46.5
100;46.5
100;46.5
100;46.5
100;46.5
100;46.5
100;46.5
100;46.5
100;46.5
100;46.5
100;46.5
100;46.5
100;46.5
100;46.5
100;46.5
100;46.5
100;46.5
100;46.5
100;46.5
100;46.5
100;46.5
100;46.5
100;46.5
1;50.0
2;50.0
4;50.0
8;50.0
16;50.0
32;50.0
64;50.0
65;50.0
66;50.0
67;50.0
68;50.0
69;50.0
70;50.0
71;50.0
72;50.0
73;50.0
74;50.0
75;50.0
76;50.0
77;50.0
78;50.0
79;50.0
80;50.0
81;50.0
82;50.0
83;50.0
84;50.0
85;50.0
86;50.0
87;50.0
88;50.0
89;50.0
90;50.0
91;50.0
92;50.0
93;50.0
94;50.0
95;50.0
96;50.0
97;50.0
98;50.0
99;50.0
100;50.0
100;50.0
100;50.0
100;50.0
100;50.0
100;50.0
100;50.0
100;50.0
100;50.0
100;50.0
100;50.0
100;50.0
100;50.0
100;50.0
100;50.0
100;50.0
100;50.0
100;50.0
100;50.0
100;50.0
100;50.0
100;50.0
100;50.0
100;50.0
100;50.0
100;50.0
100;50.0
100;50.0
100;50.0
100;50.0
100;50.0
100;50.0
100;50.0
100;50.0
100;50.0
100;50.0
100;50.0
100;50.0
100;50.0
100;50.0
100;50.0
100;50.0
100;50.0
100;50.0
100;50.0
100;50.0
100;50.0
100;50.0
100;50.0
100;50.0
100;50.0
100;50.0
100;50.0
100;50.0
100;50.0
100;50.0
100;50.0
100;50.0
100;50.0
100;50.0
100;50.0
100;50.0
100;50.0
100;50.0
100;50.0
1;50.0
2;50.0
4;50.0
8;50.0
16;50.0
32;50.0
64;50.0
65;50.0
66;50.0
67;50.0
68;50.0
69;50.0
70;50.0
71;50.0
72;50.0
73;50.0
74;50.0
75;50.0
76;50.0
77;50.0
78;50.0
79;50.0
80;50.0
81;50.0
82;50.0
83;50.0
84;50.0
85;50.0
86;50.0
87;50.0
88;50.0
89;50.0
90;50.0
91;50.0
92;50.0
93;50.0
94;50.0
95;50.0
96;50.0
97;50.0
98;50.0
99;50.0
100;50.0
100;50.0
100;50.0
100;50.0
100;50.0
100;50.0
100;50.0
100;50.0
100;50.0
100;50.0
100;50.0
100;50.0
100;50.0
100;50.0
100;50.0
100;50.0
100;50.0
100;50.0
100;50.0
100;50.0
100;50.0
100;50.0
100;50.0
100;50.0
100;50.0
100;50.0
100;50.0
100;50.0
100;50.0
1;50.0
2;50.0
4;50.0
8;50.0
16;50.0
32;50.0
64;50.0
65;50.0
66;50.0
67;50.0
68;50.0
69;50.0
70;50.0
71;50.0
72;50.0
73;50.0
74;50.0
75;50.0
76;50.0
77;50.0
78;50.0
79;50.0
80;50.0
81;50.0
82;50.0
83;50.0
84;50.0
85;50.0
86;50.0
87;50.0
88;50.0
89;50.0
90;50.0
91;50.0
92;50.0
93;50.0
94;50.0
95;50.0
96;50.0
97;50.0
98;50.0
99;50.0
100;50.0
100;50.0
100;50.0
100;50.0
100;50.0
100;50.0
100;50.0
100;50.0
100;50.0
100;50.0
100;50.0
100;50.0
1;50.0
2;50.0
4;50.0
8;50.0
16;50.0
32;50.0
64;50.0
65;50.0
66;50.0
67;50.0
68;50.0
69;50.0
70;50.0
71;50.0
72;50.0
73;50.0
74;50.0
75;50.0
76;50.0
77;50.0
78;50.0
79;50.0
80;50.0
81;50.0
82;50.0
83;50.0
84;50.0
85;50.0
86;50.0
87;50.0
88;50.0
89;50.0
90;50.0
91;50.0
92;50.0
93;50.0
94;50.0
95;50.0
96;50.0
97;50.0
98;50.0
99;50.0
100;50.0
100;50.0
100;50.0
100;50.0
100;50.0
100;50.0
100;50.0
100;50.0
100;50.0
100;50.0
100;50.0
100;50.0
100;50.0
100;50.0
100;50.0
100;50.0
1;50.0
2;50.0
4;50.0
8;50.0
16;50.0
32;50.0
64;50.0
65;50.0
66;50.0
67;50.0
68;50.0
69;50.0
70;50.0
71;50.0
72;50.0
73;50.0
74;50.0
75;50.0
76;50.0
77;50.0
78;50.0
79;50.0
80;50.0
81;50.0
82;50.0
83;50.0
84;50.0
85;50.0
86;50.0
87;50.0
88;50.0
89;50.0
90;50.0
91;50.0
92;50.0
93;50.0
94;50.0
95;50.0
96;50.0
97;50.0
98;50.0
99;50.0
100;50.0
100;50.0
100;50.0
100;50.0
100;50.0
100;50.0
100;50.0
100;50.0
100;50.0
100;50.0
100;50.0
100;50.0
100;50.0
100;50.0
100;50.0
100;50.0
100;50.0
100;50.0
100;50.0
100;50.0
100;50.0
100;50.0
100;50.0
100;50.0
100;50.0
100;50.0
100;50.0
100;50.0
100;50.0
100;50.0
100;50.0
100;50.0
100;50.0
100;50.0
100;50.0
100;50.0
100;50.0
100;50.0
100;50.0
100;50.0
100;50.0
100;50.0
100;50.0
100;50.0
100;50.0
100;50.0
100;50.0
100;50.0
100;50.0
100;50.0
100;50.0
100;50.0
100;50.0
100;50.0
100;50.0
100;50.0
100;50.0
100;50.0
100;50.0
100;50.0
100;50.0
100;50.0
100;50.0
100;50.0
100;50.0
100;50.0
100;50.0
100;50.0
100;50.0
100;50.0
100;50.0
100;50.0
100;50.0
100;50.0
100;50.0
100;50.0
100;50.0
100;50.0
100;50.0
1;50.0
1;0.5
2;0.5
3;0.5
4;0.5
5;0.5
6;0.5
7;0.5
8;0.5
9;0.5
10;0.5
11;0.5
12;0.5
13;0.5
14;0.5
15;0.5
16;0.5
17;0.5
18;0.5
19;0.5
20;0.5
21;0.5
22;0.5
23;0.5
24;0.5
25;0.5
26;0.5
27;0.5
28;0.5
29;0.5
30;0.5
31;0.5
32;0.5
33;0.5
34;0.5
35;0.5
36;0.5
37;0.5
38;0.5
39;0.5
40;0.5
41;0.5
1;20.5
2;20.5
4;20.5
8;20.5
16;20.5
32;20.5
33;20.5
34;20.5
35;20.5
36;20.5
37;20.5
38;20.5
39;20.5
40;20.5
41;20.5
42;20.5
43;20.5
44;20.5
45;20.5
46;20.5
47;20.5
48;20.5
49;20.5
50;20.5
51;20.5
52;20.5
53;20.5
54;20.5
55;20.5
56;20.5
57;20.5
58;20.5
59;20.5
60;20.5
61;20.5
62;20.5
63;20.5
64;20.5
65;20.5
66;20.5
67;20.5
68;20.5
69;20.5
70;20.5
71;20.5
72;20.5
73;20.5
74;20.5
75;20.5
76;20.5
77;20.5
78;20.5
79;20.5
80;20.5
81;20.5
82;20.5
83;20.5
84;20.5
85;20.5
86;20.5
87;20.5
88;20.5
89;20.5
90;20.5
91;20.5
92;20.5
93;20.5
94;20.5
95;20.5
96;20.5
97;20.5
98;20.5
99;20.5
100;20.5
100;20.5
100;20.5
100;20.5
100;20.5
100;20.5
100;20.5
100;20.5
100;20.5
100;20.5
100;20.5
100;20.5
100;20.5
100;20.5
100;20.5
100;20.5
100;20.5
100;20.5
100;20.5
100;20.5
100;20.5
100;20.5
100;20.5
100;20.5
100;20.5
100;20.5
1;50.0
2;50.0
4;50.0
8;50.0
16;50.0
32;50.0
64;50.0
65;50.0
66;50.0
67;50.0
68;50.0
69;50.0
70;50.0
71;50.0
72;50.0
73;50.0
74;50.0
75;50.0
76;50.0
77;50.0
78;50.0
79;50.0
80;50.0
81;50.0
82;50.0
83;50.0
84;50.0
85;50.0
86;50.0
87;50.0
88;50.0
89;50.0
90;50.0
91;50.0
92;50.0
93;50.0
94;50.0
95;50.0
96;50.0
97;50.0
98;50.0
99;50.0
100;50.0
100;50.0
100;50.0
100;50.0
100;50.0
100;50.0
100;50.0
100;50.0
100;50.0
100;50.0
100;50.0
100;50.0
100;50.0
100;50.0
100;50.0
100;50.0
100;50.0
100;50.0
100;50.0
100;50.0
100;50.0
100;50.0
100;50.0
100;50.0
100;50.0
100;50.0
100;50.0
100;50.0
100;50.0
100;50.0
100;50.0
100;50.0
1;50.0
2;50.0
4;50.0
8;50.0
16;50.0
32;50.0
64;50.0
65;50.0
66;50.0
67;50.0
68;50.0
69;50.0
70;50.0
71;50.0
72;50.0
73;50.0
74;50.0
75;50.0
76;50.0
77;50.0
78;50.0
79;50.0
80;50.0
81;50.0
82;50.0
83;50.0
84;50.0
85;50.0
86;50.0
87;50.0
88;50.0
89;50.0
90;50.0
91;50.0
92;50.0
93;50.0
94;50.0
95;50.0
96;50.0
97;50.0
98;50.0
99;50.0
100;50.0
100;50.0
100;50.0
100;50.0
100;50.0
100;50.0
100;50.0
100;50.0
100;50.0
100;50.0
100;50.0
100;50.0
100;50.0
100;50.0
100;50.0
100;50.0
100;50.0
100;50.0
100;50.0
100;50.0
100;50.0
100;50.0
100;50.0
100;50.0
100;50.0
100;50.0
100;50.0
100;50.0
100;50.0
100;50.0
100;50.0
100;50.0
100;50.0
100;50.0
100;50.0
100;50.0
100;50.0
100;50.0
100;50.0
100;50.0
100;50.0
1;50.0
1;0.5
2;0.5
3;0.5
4;0.5
5;0.5
6;0.5
7;0.5
8;0.5
9;0.5
10;0.5
11;0.5
1;5.5
1;0.5
1;0.5
2;0.5
3;0.5
4;0.5
5;0.5
6;0.5
7;0.5
8;0.5
9;0.5
10;0.5
11;0.5
12;0.5
13;0.5
14;0.5
15;0.5
16;0.5
17;0.5
18;0.5
19;0.5
20;0.5
21;0.5
22;0.5
23;0.5
24;0.5
25;0.5
26;0.5
27;0.5
28;0.5
29;0.5
30;0.5
31;0.5
32;0.5
33;0.5
34;0.5
35;0.5
36;0.5
37;0.5
38;0.5
39;0.5
40;0.5
41;0.5
42;0.5
43;0.5
44;0.5
45;0.5
46;0.5
47;0.5
48;0.5
49;0.5
50;0.5
51;0.5
52;0.5
53;0.5
54;0.5
55;0.5
56;0.5
57;0.5
58;0.5
59;0.5
60;0.5
61;0.5
62;0.5
63;0.5
64;0.5
65;0.5
66;0.5
67;0.5
68;0.5
69;0.5
70;0.5
71;0.5
72;0.5
73;0.5
74;0.5
75;0.5
76;0.5
77;0.5
78;0.5
79;0.5
80;0.5
81;0.5
82;0.5
83;0.5
84;0.5
85;0.5
86;0.5
87;0.5
88;0.5
89;0.5
90;0.5
91;0.5
92;0.5
93;0.5
94;0.5
95;0.5
96;0.5
97;0.5
98;0.5
99;0.5
100;0.5
100;0.5
100;0.5
100;0.5
100;0.5
100;0.5
100;0.5
100;0.5
100;0.5
100;0.5
100;0.5
100;0.5
1;50.0
2;50.0
4;50.0
8;50.0
16;50.0
32;50.0
64;50.0
65;50.0
66;50.0
67;50.0
68;50.0
69;50.0
70;50.0
71;50.0
72;50.0
73;50.0
74;50.0
75;50.0
76;50.0
77;50.0
78;50.0
79;50.0
80;50.0
81;50.0
82;50.0
83;50.0
84;50.0
85;50.0
86;50.0
87;50.0
88;50.0
89;50.0
90;50.0
91;50.0
92;50.0
93;50.0
1;46.5
1;0.5
2;0.5
3;0.5
4;0.5
5;0.5
6;0.5
1;3.0
1;0.5
1;0.5
1;0.5
1;0.5
1;0.5
1;0.5
1;0.5
1;0.5
1;0.5
1;0.5
1;0.5
1;0.5
1;0.5
1;0.5
1;0.5
1;0.5
1;0.5
1;0.5
1;0.5
1;0.5
1;0.5
1;0.5
1;0.5
1;0.5
1;0.5
1;0.5
1;0.5
1;0.5
1;0.5
1;0.5
1;0.5
1;0.5
1;0.5
1;0.5
1;0.5
1;0.5
1;0.5
1;0.5
1;0.5
1;0.5
1;0.5
1;0.5
1;0.5
1;0.5
1;0.5
1;0.5
1;0.5
1;0.5
1;0.5
1;0.5
1;0.5
1;0.5
1;0.5
1;0.5
1;0.5
2;0.5
3;0.5
4;0.5
5;0.5
6;0.5
7;0.5
8;0.5
9;0.5
10;0.5
11;0.5
12;0.5
13;0.5
14;0.5
15;0.5
16;0.5
17;0.5
18;0.5
19;0.5
20;0.5
21;0.5
22;0.5
23;0.5
24;0.5
25;0.5
26;0.5
27;0.5
28;0.5
29;0.5
30;0.5
31;0.5
32;0.5
33;0.5
34;0.5
1;17.0
2;17.0
4;17.0
8;17.0
16;17.0
32;17.0
33;17.0
34;17.0
35;17.0
36;17.0
37;17.0
38;17.0
39;17.0
40;17.0
41;17.0
42;17.0
43;17.0
44;17.0
45;17.0
46;17.0
47;17.0
48;17.0
49;17.0
50;17.0
51;17.0
52;17.0
53;17.0
54;17.0
55;17.0
56;17.0
57;17.0
58;17.0
59;17.0
60;17.0
61;17.0
62;17.0
63;17.0
64;17.0
65;17.0
66;17.0
67;17.0
68;17.0
69;17.0
70;17.0
71;17.0
72;17.0
73;17.0
74;17.0
75;17.0
76;17.0
77;17.0
78;17.0
79;17.0
80;17.0
81;17.0
82;17.0
83;17.0
84;17.0
85;17.0
86;17.0
87;17.0
88;17.0
89;17.0
90;17.0
91;17.0
92;17.0
93;17.0
94;17.0
95;17.0
96;17.0
97;17.0
98;17.0
99;17.0
100;17.0
100;17.0
100;17.0
100;17.0
100;17.0
100;17.0
100;17.0
1;50.0
2;50.0
4;50.0
8;50.0
16;50.0
32;50.0
64;50.0
65;50.0
66;50.0
67;50.0
68;50.0
69;50.0
1;34.5
2;34.5
4;34.5
8;34.5
16;34.5
32;34.5
64;34.5
65;34.5
66;34.5
67;34.5
68;34.5
69;34.5
70;34.5
71;34.5
72;34.5
73;34.5
74;34.5
75;34.5
76;34.5
77;34.5
78;34.5
79;34.5
80;34.5
81;34.5
82;34.5
83;34.5
84;34.5
85;34.5
86;34.5
87;34.5
88;34.5
89;34.5
90;34.5
91;34.5
92;34.5
93;34.5
94;34.5
95;34.5
96;34.5
97;34.5
98;34.5
99;34.5
100;34.5
100;34.5
100;34.5
100;34.5
100;34.5
100;34.5
100;34.5
100;34.5
100;34.5
100;34.5
100;34.5
100;34.5
100;34.5
100;34.5
100;34.5
100;34.5
100;34.5
100;34.5
100;34.5
100;34.5
100;34.5
100;34.5
100;34.5
100;34.5
100;34.5
100;34.5
100;34.5
100;34.5
100;34.5
100;34.5
100;34.5
100;34.5
100;34.5
100;34.5
100;34.5
100;34.5
100;34.5
100;34.5
100;34.5
100;34.5
100;34.5
100;34.5
100;34.5
100;34.5
100;34.5
100;34.5
100;34.5
100;34.5
100;34.5
100;34.5
100;34.5
100;34.5
1;50.0
2;50.0
4;50.0
8;50.0
16;50.0
32;50.0
64;50.0
65;50.0
66;50.0
67;50.0
68;50.0
69;50.0
70;50.0
71;50.0
72;50.0
73;50.0
74;50.0
75;50.0
76;50.0
77;50.0
78;50.0
79;50.0
80;50.0
81;50.0
82;50.0
83;50.0
84;50.0
85;50.0
86;50.0
87;50.0
88;50.0
89;50.0
90;50.0
91;50.0
92;50.0
93;50.0
94;50.0
95;50.0
96;50.0
97;50.0
98;50.0
99;50.0
100;50.0
100;50.0
100;50.0
100;50.0
100;50.0
100;50.0
100;50.0
100;50.0
100;50.0
100;50.0
100;50.0
100;50.0
100;50.0
100;50.0
100;50.0
100;50.0
100;50.0
100;50.0
100;50.0
100;50.0
100;50.0
100;50.0
100;50.0
100;50.0
100;50.0
100;50.0
100;50.0
100;50.0
100;50.0
100;50.0
100;50.0
100;50.0
100;50.0
100;50.0
100;50.0
100;50.0
100;50.0
100;50.0
100;50.0
100;50.0
100;50.0
100;50.0
100;50.0
100;50.0
100;50.0
100;50.0
100;50.0
100;50.0
100;50.0
100;50.0
100;50.0
100;50.0
100;50.0
100;50.0
100;50.0
100;50.0
100;50.0
100;50.0
1;50.0
2;50.0
4;50.0
8;50.0
16;50.0
32;50.0
64;50.0
65;50.0
66;50.0
67;50.0
68;50.0
69;50.0
70;50.0
71;50.0
72;50.0
73;50.0
74;50.0
75;50.0
76;50.0
77;50.0
78;50.0
79;50.0
80;50.0
81;50.0
82;50.0
83;50.0
84;50.0
85;50.0
86;50.0
87;50.0
88;50.0
89;50.0
90;50.0
91;50.0
92;50.0
93;50.0
94;50.0
1;47.0
2;47.0
4;47.0
8;47.0
16;47.0
32;47.0
64;47.0
65;47.0
66;47.0
67;47.0
68;47.0
69;47.0
70;47.0
71;47.0
72;47.0
73;47.0
74;47.0
75;47.0
76;47.0
77;47.0
78;47.0
79;47.0
80;47.0
81;47.0
82;47.0
83;47.0
84;47.0
85;47.0
86;47.0
87;47.0
88;47.0
89;47.0
90;47.0
91;47.0
92;47.0
93;47.0
94;47.0
95;47.0
96;47.0
97;47.0
98;47.0
99;47.0
100;47.0
100;47.0
100;47.0
100;47.0
100;47.0
100;47.0
100;47.0
100;47.0
100;47.0
100;47.0
100;47.0
100;47.0
100;47.0
100;47.0
100;47.0
100;47.0
100;47.0
100;47.0
100;47.0
100;47.0
100;47.0
100;47.0
100;47.0
100;47.0
100;47.0
100;47.0
100;47.0
100;47.0
100;47.0
100;47.0
100;47.0
100;47.0
100;47.0
100;47.0
100;47.0
100;47.0
100;47.0
100;47.0
100;47.0
100;47.0
100;47.0
100;47.0
100;47.0
100;47.0
100;47.0
100;47.0
100;47.0
100;47.0
100;47.0
100;47.0
100;47.0
100;47.0
100;47.0
100;47.0
100;47.0
100;47.0
100;47.0
100;47.0
100;47.0
100;47.0
100;47.0
100;47.0
100;47.0
100;47.0
100;47.0
100;47.0
100;47.0
100;47.0
1;50.0
2;50.0
4;50.0
8;50.0
16;50.0
32;50.0
64;50.0
65;50.0
66;50.0
67;50.0
68;50.0
69;50.0
70;50.0
71;50.0
72;50.0
73;50.0
74;50.0
75;50.0
76;50.0
77;50.0
78;50.0
79;50.0
80;50.0
81;50.0
82;50.0
83;50.0
84;50.0
85;50.0
86;50.0
87;50.0
88;50.0
89;50.0
90;50.0
91;50.0
92;50.0
93;50.0
94;50.0
95;50.0
96;50.0
97;50.0
98;50.0
99;50.0
100;50.0
100;50.0
100;50.0
100;50.0
100;50.0
100;50.0
100;50.0
100;50.0
100;50.0
100;50.0
100;50.0
100;50.0
100;50.0
100;50.0
100;50.0
100;50.0
100;50.0
100;50.0
100;50.0
100;50.0
100;50.0
100;50.0
100;50.0
100;50.0
100;50.0
100;50.0
100;50.0
100;50.0
100;50.0
100;50.0
100;50.0
100;50.0
100;50.0
100;50.0
100;50.0
100;50.0
100;50.0
100;50.0
100;50.0
100;50.0
100;50.0
100;50.0
1;50.0
2;50.0
4;50.0
8;50.0
16;50.0
32;50.0
64;50.0
65;50.0
66;50.0
67;50.0
68;50.0
69;50.0
70;50.0
71;50.0
72;50.0
73;50.0
74;50.0
75;50.0
76;50.0
77;50.0
78;50.0
79;50.0
80;50.0
81;50.0
82;50.0
83;50.0
84;50.0
85;50.0
86;50.0
87;50.0
88;50.0
89;50.0
90;50.0
91;50.0
92;50.0
93;50.0
94;50.0
95;50.0
96;50.0
97;50.0
98;50.0
99;50.0
100;50.0
100;50.0
100;50.0
100;50.0
100;50.0
100;50.0
100;50.0
100;50.0
100;50.0
100;50.0
100;50.0
100;50.0
100;50.0
100;50.0
100;50.0
100;50.0
100;50.0
100;50.0
100;50.0
100;50.0
100;50.0
100;50.0
100;50.0
100;50.0
100;50.0
100;50.0
100;50.0
100;50.0
100;50.0
100;50.0
100;50.0
100;50.0
100;50.0
100;50.0
100;50.0
100;50.0
100;50.0
100;50.0
100;50.0
100;50.0
100;50.0
100;50.0
100;50.0
100;50.0
100;50.0
100;50.0
100;50.0
100;50.0
100;50.0
100;50.0
100;50.0
100;50.0
100;50.0
100;50.0
100;50.0
100;50.0
100;50.0
100;50.0
100;50.0
100;50.0
100;50.0
100;50.0
100;50.0
100;50.0
100;50.0
1;50.0
2;50.0
4;50.0
8;50.0
16;50.0
32;50.0
64;50.0
65;50.0
66;50.0
67;50.0
68;50.0
69;50.0
70;50.0
71;50.0
72;50.0
73;50.0
74;50.0
75;50.0
76;50.0
77;50.0
78;50.0
79;50.0
80;50.0
81;50.0
82;50.0
83;50.0
84;50.0
85;50.0
86;50.0
87;50.0
88;50.0
89;50.0
90;50.0
91;50.0
92;50.0
93;50.0
94;50.0
95;50.0
96;50.0
97;50.0
98;50.0
99;50.0
100;50.0
100;50.0
100;50.0
100;50.0
100;50.0
100;50.0
100;50.0
100;50.0
100;50.0
100;50.0
100;50.0
100;50.0
100;50.0
100;50.0
100;50.0
100;50.0
100;50.0
100;50.0
100;50.0
100;50.0
100;50.0
100;50.0
100;50.0
100;50.0
100;50.0
100;50.0
100;50.0
100;50.0
100;50.0
100;50.0
100;50.0
100;50.0
100;50.0
100;50.0
100;50.0
100;50.0
100;50.0
100;50.0
100;50.0
100;50.0
100;50.0
100;50.0
100;50.0
100;50.0
100;50.0
100;50.0
100;50.0
100;50.0
100;50.0
100;50.0
100;50.0
100;50.0
1;50.0
2;50.0
4;50.0
8;50.0
16;50.0
32;50.0
64;50.0
65;50.0
66;50.0
67;50.0
68;50.0
69;50.0
70;50.0
71;50.0
72;50.0
73;50.0
74;50.0
75;50.0
76;50.0
77;50.0
78;50.0
79;50.0
80;50.0
81;50.0
82;50.0
83;50.0
84;50.0
85;50.0
86;50.0
87;50.0
88;50.0
89;50.0
90;50.0
91;50.0
92;50.0
93;50.0
94;50.0
95;50.0
96;50.0
97;50.0
98;50.0
99;50.0
100;50.0
100;50.0
100;50.0
100;50.0
100;50.0
100;50.0
100;50.0
100;50.0
100;50.0
100;50.0
100;50.0
100;50.0
100;50.0
100;50.0
100;50.0
100;50.0
100;50.0
100;50.0
100;50.0
100;50.0
100;50.0
100;50.0
100;50.0
100;50.0
100;50.0
100;50.0
100;50.0
100;50.0
100;50.0
100;50.0
100;50.0
100;50.0
100;50.0
100;50.0
100;50.0
100;50.0
100;50.0
100;50.0
100;50.0
100;50.0
100;50.0
100;50.0
100;50.0
100;50.0
100;50.0
100;50.0
100;50.0
100;50.0
100;50.0
100;50.0
100;50.0
100;50.0
100;50.0
100;50.0
100;50.0
100;50.0
100;50.0
100;50.0
100;50.0
100;50.0
100;50.0
100;50.0
100;50.0
100;50.0
100;50.0
100;50.0
100;50.0
100;50.0
100;50.0
100;50.0
100;50.0
100;50.0
100;50.0
1;50.0
2;50.0
4;50.0
8;50.0
16;50.0
29;50.0
29;50.0
29;50.0
29;50.0
29;50.0
29;50.0
29;50.0
29;50.0
29;50.0
29;50.0
29;50.0
29;50.0
29;50.0
29;50.0
29;50.0
29;50.0
29;50.0
29;50.0
29;50.0
29;50.0
29;50.0
29;50.0
29;50.0
29;50.0
29;50.0
29;50.0
29;50.0
29;50.0
29;50.0
